PIORES CASOS - BUSCA LINEAR ITERATIVA
=== PIOR CASO (Elemento nao existe) ===
Tamanho,Tempo_ns
0,37
10000,24978
20000,53546
30000,79015
40000,103830
50000,131565
60000,155276
70000,181701
80000,212787
90000,239771
100000,259190
110000,283454
120000,307793
130000,334630
140000,358458
150000,386897
160000,424791
170000,430008
180000,487860
190000,483486
200000,508956
210000,549077
220000,562977
230000,589319
240000,657285
250000,642180
260000,664760
270000,689191
280000,745174
290000,742375
300000,765874
310000,794600
320000,846588
330000,845512
340000,881745
350000,893065
360000,971181
370000,945637
380000,970358
390000,994966
400000,1021643
410000,1073878
420000,1084933
430000,1099380
440000,1147531
450000,1156088
460000,1193141
470000,1223913
480000,1235449
490000,1275303
500000,1358073
PIORES CASOS - BUSCA LINEAR RECURSIVA
